NACA 0012, the point set of 3DG's NACA 0012 mesh (Selig order)
1           0
0.987497    0.00180264
0.974981    0.0035784
0.962407    0.00533405
0.949648    0.0070873
0.936422    0.00887532
0.922245    0.0107596
0.906451    0.0128203
0.888285    0.0151415
0.866992    0.0177974
0.841849    0.0208459
0.812201    0.0243216
0.777624    0.0282156
0.73818     0.0324501
0.694547    0.0368743
0.647853    0.041296
0.599297    0.0455288
0.54982     0.0494223
0.5         0.0528615
0.45018     0.0557464
0.400703    0.0579714
0.352147    0.059422
0.305453    0.0599992
0.26182     0.0596659
0.222376    0.058485
0.187801    0.0566131
0.15816     0.0542471
0.133054    0.0515681
0.111891    0.0487171
0.0940855   0.0457984
0.0791157   0.0428868
0.0665211   0.0400318
0.0559021   0.0372625
0.0469093   0.0345893
0.0392223   0.0320004
0.0325479   0.02946
0.0266514   0.0269203
0.0213936   0.0243435
0.0167396   0.0217242
0.0127286   0.0191018
0.00941599  0.0165556
0.00681428  0.0141803
0.00486411  0.0120513
0.00345     0.0102
0.00244117  0.00861576
0.00172465  0.00726695
0.00121537  0.00611814
0.00085138  0.00513332
0.000587472  0.00427324
0.000391068  0.0034932
0.000238799  0.00273475
0.000113154  0.00188639
0           0
0.000113154  -0.00188639
0.000238799  -0.00273475
0.000391068  -0.0034932
0.000587472  -0.00427324
0.00085138  -0.00513332
0.00121537  -0.00611814
0.00172465  -0.00726695
0.00244117  -0.00861576
0.00345     -0.0102
0.00486411  -0.0120513
0.00681428  -0.0141803
0.00941599  -0.0165556
0.0127286   -0.0191018
0.0167396   -0.0217242
0.0213936   -0.0243435
0.0266514   -0.0269203
0.0325479   -0.02946
0.0392223   -0.0320004
0.0469093   -0.0345893
0.0559021   -0.0372625
0.0665211   -0.0400318
0.0791157   -0.0428868
0.0940855   -0.0457984
0.111891    -0.0487171
0.133054    -0.0515681
0.15816     -0.0542471
0.187801    -0.0566131
0.222376    -0.058485
0.26182     -0.0596659
0.305453    -0.0599992
0.352147    -0.059422
0.400703    -0.0579714
0.45018     -0.0557464
0.5         -0.0528615
0.54982     -0.0494223
0.599297    -0.0455288
0.647853    -0.041296
0.694547    -0.0368743
0.73818     -0.0324501
0.777624    -0.0282156
0.812201    -0.0243216
0.841849    -0.0208459
0.866992    -0.0177974
0.888285    -0.0151415
0.906451    -0.0128203
0.922245    -0.0107596
0.936422    -0.00887532
0.949648    -0.0070873
0.962407    -0.00533405
0.974981    -0.0035784
0.987497    -0.00180264
1           0
